{
 "cells": [
  {
   "cell_type": "code",
   "execution_count": 1,
   "metadata": {},
   "outputs": [],
   "source": [
    "import pandas as pd\n",
    "from sklearn.preprocessing import StandardScaler\n",
    "from pca import PCA\n",
    "import matplotlib.pyplot as plt\n",
    "\n",
    "data = pd.read_csv('C:/Users/Admin/Desktop/archive/creditcard.csv')\n",
    "X = data.drop(columns=['Class']) \n",
    "y = data['Class']"
   ]
  },
  {
   "cell_type": "code",
   "execution_count": 2,
   "metadata": {},
   "outputs": [],
   "source": [
    "scaler = StandardScaler()\n",
    "X_scaled = scaler.fit_transform(X)\n",
    "\n",
    "pca = PCA(n_components=5)\n",
    "X_pca = pca.fit_transform(X_scaled)"
   ]
  },
  {
   "cell_type": "code",
   "execution_count": 3,
   "metadata": {},
   "outputs": [
    {
     "name": "stdout",
     "output_type": "stream",
     "text": [
      "Original dataset:\n",
      "   Time        V1        V2        V3        V4        V5        V6        V7  \\\n",
      "0   0.0 -1.359807 -0.072781  2.536347  1.378155 -0.338321  0.462388  0.239599   \n",
      "1   0.0  1.191857  0.266151  0.166480  0.448154  0.060018 -0.082361 -0.078803   \n",
      "2   1.0 -1.358354 -1.340163  1.773209  0.379780 -0.503198  1.800499  0.791461   \n",
      "3   1.0 -0.966272 -0.185226  1.792993 -0.863291 -0.010309  1.247203  0.237609   \n",
      "4   2.0 -1.158233  0.877737  1.548718  0.403034 -0.407193  0.095921  0.592941   \n",
      "\n",
      "         V8        V9  ...       V21       V22       V23       V24       V25  \\\n",
      "0  0.098698  0.363787  ... -0.018307  0.277838 -0.110474  0.066928  0.128539   \n",
      "1  0.085102 -0.255425  ... -0.225775 -0.638672  0.101288 -0.339846  0.167170   \n",
      "2  0.247676 -1.514654  ...  0.247998  0.771679  0.909412 -0.689281 -0.327642   \n",
      "3  0.377436 -1.387024  ... -0.108300  0.005274 -0.190321 -1.175575  0.647376   \n",
      "4 -0.270533  0.817739  ... -0.009431  0.798278 -0.137458  0.141267 -0.206010   \n",
      "\n",
      "        V26       V27       V28  Amount  Class  \n",
      "0 -0.189115  0.133558 -0.021053  149.62      0  \n",
      "1  0.125895 -0.008983  0.014724    2.69      0  \n",
      "2 -0.139097 -0.055353 -0.059752  378.66      0  \n",
      "3 -0.221929  0.062723  0.061458  123.50      0  \n",
      "4  0.502292  0.219422  0.215153   69.99      0  \n",
      "\n",
      "[5 rows x 31 columns]\n",
      "\n",
      "Scaled dataset:\n",
      "       Time        V1        V2        V3        V4        V5        V6  \\\n",
      "0 -1.996583 -0.694242 -0.044075  1.672773  0.973366 -0.245117  0.347068   \n",
      "1 -1.996583  0.608496  0.161176  0.109797  0.316523  0.043483 -0.061820   \n",
      "2 -1.996562 -0.693500 -0.811578  1.169468  0.268231 -0.364572  1.351454   \n",
      "3 -1.996562 -0.493325 -0.112169  1.182516 -0.609727 -0.007469  0.936150   \n",
      "4 -1.996541 -0.591330  0.531541  1.021412  0.284655 -0.295015  0.071999   \n",
      "\n",
      "         V7        V8        V9  ...       V20       V21       V22       V23  \\\n",
      "0  0.193679  0.082637  0.331128  ...  0.326118 -0.024923  0.382854 -0.176911   \n",
      "1 -0.063700  0.071253 -0.232494  ... -0.089611 -0.307377 -0.880077  0.162201   \n",
      "2  0.639776  0.207373 -1.378675  ...  0.680975  0.337632  1.063358  1.456320   \n",
      "3  0.192071  0.316018 -1.262503  ... -0.269855 -0.147443  0.007267 -0.304777   \n",
      "4  0.479302 -0.226510  0.744326  ...  0.529939 -0.012839  1.100011 -0.220123   \n",
      "\n",
      "        V24       V25       V26       V27       V28    Amount  \n",
      "0  0.110507  0.246585 -0.392170  0.330892 -0.063781  0.244964  \n",
      "1 -0.561131  0.320694  0.261069 -0.022256  0.044608 -0.342475  \n",
      "2 -1.138092 -0.628537 -0.288447 -0.137137 -0.181021  1.160686  \n",
      "3 -1.941027  1.241904 -0.460217  0.155396  0.186189  0.140534  \n",
      "4  0.233250 -0.395202  1.041611  0.543620  0.651816 -0.073403  \n",
      "\n",
      "[5 rows x 30 columns]\n",
      "\n",
      "PCA-transformed dataset:\n",
      "        PC1       PC2       PC3       PC4       PC5\n",
      "0  0.416630 -2.532664  0.613995  0.319801 -0.173157\n",
      "1 -0.393453 -2.077326  0.610691  0.115915 -0.454243\n",
      "2  1.868525 -2.533497 -0.020293  1.252584  1.179901\n",
      "3  0.315744 -1.783506 -0.126398  2.640887  1.118422\n",
      "4 -0.004379 -1.488415 -0.420732  0.046477 -0.276342\n"
     ]
    }
   ],
   "source": [
    "# Display the first few rows of the original dataset\n",
    "print(\"Original dataset:\")\n",
    "print(data.head())\n",
    "\n",
    "# Display the first few rows of the scaled dataset\n",
    "print(\"\\nScaled dataset:\")\n",
    "print(pd.DataFrame(X_scaled, columns=X.columns).head())\n",
    "\n",
    "# Display the first few rows of the PCA-transformed dataset\n",
    "print(\"\\nPCA-transformed dataset:\")\n",
    "print(pd.DataFrame(X_pca, columns=[f'PC{i+1}' for i in range(5)]).head())"
   ]
  },
  {
   "cell_type": "code",
   "execution_count": 11,
   "metadata": {},
   "outputs": [
    {
     "name": "stdout",
     "output_type": "stream",
     "text": [
      "Mean of the original data:\n",
      "[-3.06563713e-16 -1.50687242e-17 -9.58011603e-18 -8.62210442e-17\n",
      " -5.18922951e-18  3.83204641e-17  9.97928753e-18  1.23743165e-17\n",
      " -3.19337201e-18  7.23498346e-19  5.58840102e-18 -4.31105221e-17\n",
      "  1.67652030e-17 -1.25240058e-17  2.59461476e-17 -2.07569181e-17\n",
      "  1.83618891e-17  3.39295776e-18  2.63453191e-17  4.36593829e-18\n",
      " -1.24741094e-18 -3.64243995e-18  3.19337201e-18  8.78177302e-18\n",
      "  9.58011603e-18 -5.02956091e-17  5.88777964e-18  2.44492544e-18\n",
      " -7.90858537e-18  2.91395196e-17]\n",
      "\n",
      "Covariance matrix:\n",
      "[[ 1.00000000e+00  1.17396306e-01 -1.05933271e-02 -4.19618172e-01\n",
      "  -1.05260205e-01  1.73072123e-01 -6.30164704e-02  8.47143748e-02\n",
      "  -3.69494347e-02 -8.66043370e-03  3.06166286e-02 -2.47689437e-01\n",
      "   1.24348068e-01 -6.59020237e-02 -9.87568192e-02 -1.83453273e-01\n",
      "   1.19028677e-02 -7.32972133e-02  9.04381325e-02  2.89753026e-02\n",
      "  -5.08660185e-02  4.47357263e-02  1.44059055e-01  5.11423649e-02\n",
      "  -1.61818685e-02 -2.33082791e-01 -4.14071006e-02 -5.13459112e-03\n",
      "  -9.41268818e-03 -1.05963734e-02]\n",
      " [ 1.17396306e-01  1.00000000e+00 -5.54848387e-17 -6.24753296e-16\n",
      "  -2.37432199e-16  3.18414117e-16  1.34982338e-16  2.04650239e-16\n",
      "  -7.57926888e-17  7.31980740e-17  5.66324567e-17  3.09694714e-16\n",
      "   2.12159653e-16 -6.66834704e-17  3.88468715e-16 -7.88363715e-17\n",
      "   3.46062980e-16 -6.68612264e-18  1.21865812e-16  1.62671742e-16\n",
      "   1.54828646e-16 -9.01129664e-17  9.76535655e-17  2.13450723e-16\n",
      "  -5.43372206e-17 -1.48516747e-16 -1.27023856e-16  1.20674534e-16\n",
      "   2.89698717e-16 -2.27708653e-01]\n",
      " [-1.05933271e-02 -5.54848387e-17  1.00000000e+00  1.28383534e-16\n",
      "  -1.25302429e-16  1.54329682e-16  3.88780568e-16 -1.21323188e-16\n",
      "  -3.12351700e-17 -9.98926682e-17 -1.29780634e-16  3.27719802e-16\n",
      "  -2.75852455e-16 -1.79315323e-17 -3.76967586e-16  1.18504039e-17\n",
      "   3.11603253e-17 -6.70707915e-16  2.13488146e-16  8.09569701e-18\n",
      "   5.63081299e-17  8.34767402e-17  1.64327680e-16  1.27348183e-16\n",
      "  -1.22620496e-16  9.28073740e-17  2.57060210e-16 -5.02282490e-16\n",
      "  -3.65865629e-16 -5.31408939e-01]\n",
      " [-4.19618172e-01 -6.24753296e-16  1.28383534e-16  1.00000000e+00\n",
      "  -2.12334290e-16 -6.07670003e-16  1.43182662e-15  1.86063816e-16\n",
      "  -4.77009944e-17  6.71107086e-17  1.76683286e-16  1.18447906e-16\n",
      "   2.12833255e-16 -4.00683987e-17  7.45702261e-16 -1.55631667e-16\n",
      "   6.07931959e-16  2.41723292e-16  2.93405087e-16  3.26129353e-16\n",
      "   7.42209510e-17 -1.55988738e-16 -2.53436481e-16 -7.69902033e-17\n",
      "   1.56207035e-17  1.51535481e-16 -1.98806119e-16  5.55122817e-16\n",
      "   7.14392246e-16 -2.10880475e-01]\n",
      " [-1.05260205e-01 -2.37432199e-16 -1.25302429e-16 -2.12334290e-16\n",
      "   1.00000000e+00 -1.87001245e-15 -4.44427570e-16 -7.87178674e-17\n",
      "   6.52495715e-16  6.02346677e-16 -1.62787128e-16 -3.08126095e-16\n",
      "  -1.81415651e-16  1.77748263e-17 -8.01711012e-17  1.91633896e-16\n",
      "   4.32415003e-17 -3.49437227e-16  1.57672743e-17 -2.85102008e-16\n",
      "  -2.06858156e-16 -6.37014761e-17  2.31930337e-16  1.96415768e-16\n",
      "   1.60005401e-16  6.23543307e-16 -4.05614379e-16 -9.49154985e-17\n",
      "  -1.33784823e-17  9.87316663e-02]\n",
      " [ 1.73072123e-01  3.18414117e-16  1.54329682e-16 -6.07670003e-16\n",
      "  -1.87001245e-15  1.00000000e+00  6.48753482e-16  1.92101285e-18\n",
      "   4.71583706e-16  4.85143063e-16  1.27510346e-16  7.82737891e-16\n",
      "   3.57769932e-16 -3.12900560e-16  2.38143223e-16  1.39722500e-16\n",
      "   7.12184329e-16  4.22597879e-16  3.90090349e-16 -1.32504668e-16\n",
      "  -2.36696226e-16 -1.10595454e-16  4.49991802e-17  1.22788896e-16\n",
      "  -9.23845017e-16 -1.52845263e-16  3.35834211e-16  4.31067799e-16\n",
      "  -1.78529454e-16 -3.86356256e-01]\n",
      " [-6.30164704e-02  1.34982338e-16  3.88780568e-16  1.43182662e-15\n",
      "  -4.44427570e-16  6.48753482e-16  1.00000000e+00 -4.60169896e-17\n",
      "  -2.91445092e-16 -5.39516926e-17  1.37913754e-16  8.97604169e-16\n",
      "   2.92244410e-16 -1.70475857e-16  3.55349955e-16 -2.11249043e-17\n",
      "  -1.07027859e-16  1.33739605e-16  1.65063653e-17  2.53894125e-16\n",
      "   1.50864998e-16 -8.91462229e-17 -7.46980857e-17  1.71207152e-17\n",
      "  -1.05640738e-15  5.83863165e-16 -2.54175572e-16 -1.50216344e-16\n",
      "   4.22198707e-16  2.15981180e-01]\n",
      " [ 8.47143748e-02  2.04650239e-16 -1.21323188e-16  1.86063816e-16\n",
      "  -7.87178674e-17  1.92101285e-18 -4.60169896e-17  1.00000000e+00\n",
      "  -3.80460337e-17 -6.49901100e-18  2.68417886e-16 -3.33763508e-16\n",
      "   6.22046414e-16 -5.21417773e-17  6.36179580e-17 -3.45969424e-17\n",
      "   4.16466854e-16  5.80813245e-16  1.79246715e-16 -5.59931586e-17\n",
      "   2.47636020e-16  1.93910031e-17 -6.37542376e-16 -2.40475881e-16\n",
      "  -4.96001775e-18  2.21290701e-17 -7.46829608e-16 -4.25741354e-17\n",
      "   7.72147372e-17  3.97311278e-01]\n",
      " [-3.69494347e-02 -7.57926888e-17 -3.12351700e-17 -4.77009944e-17\n",
      "   6.52495715e-16  4.71583706e-16 -2.91445092e-16 -3.80460337e-17\n",
      "   1.00000000e+00  3.96926161e-16  6.23705471e-18  1.42179899e-16\n",
      "   4.29982551e-17 -2.98767394e-16 -2.70862812e-16  1.01872933e-16\n",
      "   1.55907656e-16 -4.08514609e-16 -3.46711634e-16 -3.18590314e-16\n",
      "   1.14187998e-16  3.85449981e-18  1.34377344e-17  2.02779123e-16\n",
      "  -2.03744307e-16 -1.40283834e-16  5.87530553e-18  3.78539324e-16\n",
      "  -5.67322496e-16 -1.03079096e-01]\n",
      " [-8.66043370e-03  7.31980740e-17 -9.98926682e-17  6.71107086e-17\n",
      "   6.02346677e-16  4.85143063e-16 -5.39516926e-17 -6.49901100e-18\n",
      "   3.96926161e-16  1.00000000e+00 -3.00551192e-16  3.52243902e-16\n",
      "  -1.29433854e-15  7.77398973e-16  7.80979042e-16 -6.75076582e-16\n",
      "  -4.34512212e-16  6.41231594e-16  1.47138358e-16  1.24604561e-16\n",
      "  -3.42102451e-16  2.57332301e-16 -2.09749031e-16 -5.03205574e-17\n",
      "  -2.72660643e-16  2.08916384e-16 -6.14911223e-17 -1.79926554e-16\n",
      "   7.57939362e-16 -4.42456020e-02]\n",
      " [ 3.06166286e-02  5.66324567e-17 -1.29780634e-16  1.76683286e-16\n",
      "  -1.62787128e-16  1.27510346e-16  1.37913754e-16  2.68417886e-16\n",
      "   6.23705471e-18 -3.00551192e-16  1.00000000e+00 -3.63398874e-16\n",
      "   8.74023424e-16 -4.01631288e-16  6.13052581e-16  4.27818293e-16\n",
      "   1.26437573e-16  6.32136409e-16  5.40199104e-16  2.50168264e-17\n",
      "  -1.23827989e-15  1.06435577e-15 -3.13458777e-16  2.37070449e-16\n",
      "  -8.30650946e-17 -3.63894720e-16 -3.87629831e-16 -3.42838423e-16\n",
      "   2.20941426e-16 -1.01502141e-01]\n",
      " [-2.47689437e-01  3.09694714e-16  3.27719802e-16  1.18447906e-16\n",
      "  -3.08126095e-16  7.82737891e-16  8.97604169e-16 -3.33763508e-16\n",
      "   1.42179899e-16  3.52243902e-16 -3.63398874e-16  1.00000000e+00\n",
      "  -6.37165035e-16  4.36918156e-16 -1.12759712e-16  1.81872515e-16\n",
      "   1.97989065e-16  6.38571490e-16  6.22161799e-17 -1.13118265e-15\n",
      "  -2.15341330e-16  2.45365732e-17 -2.00770791e-17  1.32278575e-16\n",
      "   1.67425469e-15 -6.21603583e-16 -1.12552330e-16 -1.73851663e-16\n",
      "  -3.47828067e-16  1.03977022e-04]\n",
      " [ 1.24348068e-01  2.12159653e-16 -2.75852455e-16  2.12833255e-16\n",
      "  -1.81415651e-16  3.57769932e-16  2.92244410e-16  6.22046414e-16\n",
      "   4.29982551e-17 -1.29433854e-15  8.74023424e-16 -6.37165035e-16\n",
      "   1.00000000e+00 -2.31945087e-14  3.04418166e-16 -3.34873704e-16\n",
      "   4.99114066e-16 -2.93345835e-16 -6.01167873e-16  1.61219775e-16\n",
      "   2.45403154e-16  5.67097962e-16 -1.32676187e-16  2.67544699e-16\n",
      "   4.36854226e-16 -4.32913967e-17  1.58896765e-16 -3.20447397e-16\n",
      "   7.01281957e-16 -9.54180215e-03]\n",
      " [-6.59020237e-02 -6.66834704e-17 -1.79315323e-17 -4.00683987e-17\n",
      "   1.77748263e-17 -3.12900560e-16 -1.70475857e-16 -5.21417773e-17\n",
      "  -2.98767394e-16  7.77398973e-16 -4.01631288e-16  4.36918156e-16\n",
      "  -2.31945087e-14  1.00000000e+00  1.49558335e-15 -1.23587239e-16\n",
      "   4.76968623e-16  5.11734746e-17  2.06649215e-16 -1.17435944e-16\n",
      "   4.83340554e-17  1.46160699e-16 -6.09828024e-17 -6.83704962e-16\n",
      "  -6.62521780e-16 -1.06263820e-16 -1.39433256e-16 -4.83885907e-16\n",
      "   1.08367110e-15  5.29340903e-03]\n",
      " [-9.87568192e-02  3.88468715e-16 -3.76967586e-16  7.45702261e-16\n",
      "  -8.01711012e-17  2.38143223e-16  3.55349955e-16  6.36179580e-17\n",
      "  -2.70862812e-16  7.80979042e-16  6.13052581e-16 -1.12759712e-16\n",
      "   3.04418166e-16  1.49558335e-15  1.00000000e+00 -3.53965329e-16\n",
      "  -7.57477820e-16  1.26600360e-15 -6.37489361e-17  2.14467363e-16\n",
      "  -2.04575394e-17 -1.86462987e-16  5.68813152e-16  2.22394660e-16\n",
      "   4.38745613e-17 -3.45158607e-17 -1.58202893e-17  1.34034306e-17\n",
      "   2.41155720e-15  3.37511718e-02]\n",
      " [-1.83453273e-01 -7.88363715e-17  1.18504039e-17 -1.55631667e-16\n",
      "   1.91633896e-16  1.39722500e-16 -2.11249043e-17 -3.45969424e-17\n",
      "   1.01872933e-16 -6.75076582e-16  4.27818293e-16  1.81872515e-16\n",
      "  -3.34873704e-16 -1.23587239e-16 -3.53965329e-16  1.00000000e+00\n",
      "   9.93731215e-16 -5.83340032e-16  6.74546042e-16 -1.45776809e-15\n",
      "   1.80107429e-16  5.43746429e-17 -3.13898489e-16  7.66253356e-17\n",
      "  -4.37219094e-16  2.41416117e-16  8.75620110e-17 -1.24496602e-15\n",
      "  -1.13682796e-15 -2.98584812e-03]\n",
      " [ 1.19028677e-02  3.46062980e-16  3.11603253e-17  6.07931959e-16\n",
      "   4.32415003e-17  7.12184329e-16 -1.07027859e-16  4.16466854e-16\n",
      "   1.55907656e-16 -4.34512212e-16  1.26437573e-16  1.97989065e-16\n",
      "   4.99114066e-16  4.76968623e-16 -7.57477820e-16  9.93731215e-16\n",
      "   1.00000000e+00  1.69285671e-15 -2.75481351e-15  1.13949118e-15\n",
      "   3.43901841e-16 -4.17308856e-16  2.57128817e-16  7.03658275e-16\n",
      "  -3.53659713e-16 -2.88584233e-16 -4.49984786e-16  8.12753717e-16\n",
      "   7.03196733e-16 -3.90952671e-03]\n",
      " [-7.32972133e-02 -6.68612264e-18 -6.70707915e-16  2.41723292e-16\n",
      "  -3.49437227e-16  4.22597879e-16  1.33739605e-16  5.80813245e-16\n",
      "  -4.08514609e-16  6.41231594e-16  6.32136409e-16  6.38571490e-16\n",
      "  -2.93345835e-16  5.11734746e-17  1.26600360e-15 -5.83340032e-16\n",
      "   1.69285671e-15  1.00000000e+00 -5.23948770e-15  4.52047692e-16\n",
      "  -9.02068341e-16 -9.55083306e-16 -3.13973334e-16  4.32667603e-16\n",
      "  -1.65416046e-16  7.31481776e-17  3.10795554e-16  6.83528181e-16\n",
      "  -7.81315843e-17  7.30904208e-03]\n",
      " [ 9.04381325e-02  1.21865812e-16  2.13488146e-16  2.93405087e-16\n",
      "   1.57672743e-17  3.90090349e-16  1.65063653e-17  1.79246715e-16\n",
      "  -3.46711634e-16  1.47138358e-16  5.40199104e-16  6.22161799e-17\n",
      "  -6.01167873e-16  2.06649215e-16 -6.37489361e-17  6.74546042e-16\n",
      "  -2.75481351e-15 -5.23948770e-15  1.00000000e+00 -2.69654694e-15\n",
      "  -3.76071400e-16 -1.18970181e-15 -4.91412862e-16 -2.94120789e-16\n",
      "  -1.78155231e-16 -2.41791900e-16  2.94884828e-16  2.30839632e-16\n",
      "   8.10686134e-16  3.56503407e-02]\n",
      " [ 2.89753026e-02  1.62671742e-16  8.09569701e-18  3.26129353e-16\n",
      "  -2.85102008e-16 -1.32504668e-16  2.53894125e-16 -5.59931586e-17\n",
      "  -3.18590314e-16  1.24604561e-16  2.50168264e-17 -1.13118265e-15\n",
      "   1.61219775e-16 -1.17435944e-16  2.14467363e-16 -1.45776809e-15\n",
      "   1.13949118e-15  4.52047692e-16 -2.69654694e-15  1.00000000e+00\n",
      "   2.86617125e-16  5.72803308e-16 -1.00440554e-15  6.61570630e-16\n",
      "  -8.89840595e-17  8.24825537e-16  5.47563896e-16 -1.58549049e-16\n",
      "  -1.36255087e-15 -5.61507872e-02]\n",
      " [-5.08660185e-02  1.54828646e-16  5.63081299e-17  7.42209510e-17\n",
      "  -2.06858156e-16 -2.36696226e-16  1.50864998e-16  2.47636020e-16\n",
      "   1.14187998e-16 -3.42102451e-16 -1.23827989e-15 -2.15341330e-16\n",
      "   2.45403154e-16  4.83340554e-17 -2.04575394e-17  1.80107429e-16\n",
      "   3.43901841e-16 -9.02068341e-16 -3.76071400e-16  2.86617125e-16\n",
      "   1.00000000e+00 -1.13211898e-15  9.37457389e-16  7.99340931e-17\n",
      "   1.68575115e-16  7.23498346e-19 -3.47570788e-16 -1.01417004e-15\n",
      "  -2.24683659e-16  3.39403405e-01]\n",
      " [ 4.47357263e-02 -9.01129664e-17  8.34767402e-17 -1.55988738e-16\n",
      "  -6.37014761e-17 -1.10595454e-16 -8.91462229e-17  1.93910031e-17\n",
      "   3.85449981e-18  2.57332301e-16  1.06435577e-15  2.45365732e-17\n",
      "   5.67097962e-16  1.46160699e-16 -1.86462987e-16  5.43746429e-17\n",
      "  -4.17308856e-16 -9.55083306e-16 -1.18970181e-15  5.72803308e-16\n",
      "  -1.13211898e-15  1.00000000e+00  3.47398957e-15  6.56078903e-16\n",
      "   1.31290002e-16 -8.58392196e-17 -4.89131660e-16 -1.38102425e-15\n",
      "   1.66573020e-16  1.05998928e-01]\n",
      " [ 1.44059055e-01  9.76535655e-17  1.64327680e-16 -2.53436481e-16\n",
      "   2.31930337e-16  4.49991802e-17 -7.46980857e-17 -6.37542376e-16\n",
      "   1.34377344e-17 -2.09749031e-16 -3.13458777e-16 -2.00770791e-17\n",
      "  -1.32676187e-16 -6.09828024e-17  5.68813152e-16 -3.13898489e-16\n",
      "   2.57128817e-16 -3.13973334e-16 -4.91412862e-16 -1.00440554e-15\n",
      "   9.37457389e-16  3.47398957e-15  1.00000000e+00  3.23634532e-16\n",
      "   3.11915106e-17 -9.95904829e-16  3.61686802e-17  1.53624894e-16\n",
      "  -5.33891883e-16 -6.48006464e-02]\n",
      " [ 5.11423649e-02  2.13450723e-16  1.27348183e-16 -7.69902033e-17\n",
      "   1.96415768e-16  1.22788896e-16  1.71207152e-17 -2.40475881e-16\n",
      "   2.02779123e-16 -5.03205574e-17  2.37070449e-16  1.32278575e-16\n",
      "   2.67544699e-16 -6.83704962e-16  2.22394660e-16  7.66253356e-17\n",
      "   7.03658275e-16  4.32667603e-16 -2.94120789e-16  6.61570630e-16\n",
      "   7.99340931e-17  6.56078903e-16  3.23634532e-16  1.00000000e+00\n",
      "   6.25857254e-17 -7.38935056e-16  1.29415416e-15  4.31697741e-16\n",
      "   1.40196516e-15 -1.12632554e-01]\n",
      " [-1.61818685e-02 -5.43372206e-17 -1.22620496e-16  1.56207035e-17\n",
      "   1.60005401e-16 -9.23845017e-16 -1.05640738e-15 -4.96001775e-18\n",
      "  -2.03744307e-16 -2.72660643e-16 -8.30650946e-17  1.67425469e-15\n",
      "   4.36854226e-16 -6.62521780e-16  4.38745613e-17 -4.37219094e-16\n",
      "  -3.53659713e-16 -1.65416046e-16 -1.78155231e-16 -8.89840595e-17\n",
      "   1.68575115e-16  1.31290002e-16  3.11915106e-17  6.25857254e-17\n",
      "   1.00000000e+00  1.23982200e-15  1.88143874e-16 -3.05863603e-16\n",
      "  -2.73220418e-16  5.14621743e-03]\n",
      " [-2.33082791e-01 -1.48516747e-16  9.28073740e-17  1.51535481e-16\n",
      "   6.23543307e-16 -1.52845263e-16  5.83863165e-16  2.21290701e-17\n",
      "  -1.40283834e-16  2.08916384e-16 -3.63894720e-16 -6.21603583e-16\n",
      "  -4.32913967e-17 -1.06263820e-16 -3.45158607e-17  2.41416117e-16\n",
      "  -2.88584233e-16  7.31481776e-17 -2.41791900e-16  8.24825537e-16\n",
      "   7.23498346e-19 -8.58392196e-17 -9.95904829e-16 -7.38935056e-16\n",
      "   1.23982200e-15  1.00000000e+00  2.32183249e-15 -5.95058678e-16\n",
      "   4.29365083e-16 -4.78368632e-02]\n",
      " [-4.14071006e-02 -1.27023856e-16  2.57060210e-16 -1.98806119e-16\n",
      "  -4.05614379e-16  3.35834211e-16 -2.54175572e-16 -7.46829608e-16\n",
      "   5.87530553e-18 -6.14911223e-17 -3.87629831e-16 -1.12552330e-16\n",
      "   1.58896765e-16 -1.39433256e-16 -1.58202893e-17  8.75620110e-17\n",
      "  -4.49984786e-16  3.10795554e-16  2.94884828e-16  5.47563896e-16\n",
      "  -3.47570788e-16 -4.89131660e-16  3.61686802e-17  1.29415416e-15\n",
      "   1.88143874e-16  2.32183249e-15  1.00000000e+00 -2.86745472e-16\n",
      "  -2.93445628e-16 -3.20803715e-03]\n",
      " [-5.13459112e-03  1.20674534e-16 -5.02282490e-16  5.55122817e-16\n",
      "  -9.49154985e-17  4.31067799e-16 -1.50216344e-16 -4.25741354e-17\n",
      "   3.78539324e-16 -1.79926554e-16 -3.42838423e-16 -1.73851663e-16\n",
      "  -3.20447397e-16 -4.83885907e-16  1.34034306e-17 -1.24496602e-15\n",
      "   8.12753717e-16  6.83528181e-16  2.30839632e-16 -1.58549049e-16\n",
      "  -1.01417004e-15 -1.38102425e-15  1.53624894e-16  4.31697741e-16\n",
      "  -3.05863603e-16 -5.95058678e-16 -2.86745472e-16  1.00000000e+00\n",
      "   1.25739023e-17  2.88254634e-02]\n",
      " [-9.41268818e-03  2.89698717e-16 -3.65865629e-16  7.14392246e-16\n",
      "  -1.33784823e-17 -1.78529454e-16  4.22198707e-16  7.72147372e-17\n",
      "  -5.67322496e-16  7.57939362e-16  2.20941426e-16 -3.47828067e-16\n",
      "   7.01281957e-16  1.08367110e-15  2.41155720e-15 -1.13682796e-15\n",
      "   7.03196733e-16 -7.81315843e-17  8.10686134e-16 -1.36255087e-15\n",
      "  -2.24683659e-16  1.66573020e-16 -5.33891883e-16  1.40196516e-15\n",
      "  -2.73220418e-16  4.29365083e-16 -2.93445628e-16  1.25739023e-17\n",
      "   1.00000000e+00  1.02582159e-02]\n",
      " [-1.05963734e-02 -2.27708653e-01 -5.31408939e-01 -2.10880475e-01\n",
      "   9.87316663e-02 -3.86356256e-01  2.15981180e-01  3.97311278e-01\n",
      "  -1.03079096e-01 -4.42456020e-02 -1.01502141e-01  1.03977022e-04\n",
      "  -9.54180215e-03  5.29340903e-03  3.37511718e-02 -2.98584812e-03\n",
      "  -3.90952671e-03  7.30904208e-03  3.56503407e-02 -5.61507872e-02\n",
      "   3.39403405e-01  1.05998928e-01 -6.48006464e-02 -1.12632554e-01\n",
      "   5.14621743e-03 -4.78368632e-02 -3.20803715e-03  2.88254634e-02\n",
      "   1.02582159e-02  1.00000000e+00]]\n",
      "\n",
      "Eigenvalues:\n",
      "[1.95825638 1.68369399 1.         1.         1.        ]\n",
      "\n",
      "Eigenvectors (Principal Components):\n",
      "[[-2.96469381e-02  7.06467241e-01 -6.77901600e-15 -9.37445769e-16\n",
      "  -1.82906030e-19]\n",
      " [-1.71551708e-01  1.12951322e-01 -3.49141322e-02 -4.84251416e-02\n",
      "   4.31230138e-02]\n",
      " [-3.91550227e-01 -3.04452610e-02 -3.61963115e-03  1.02085421e-01\n",
      "  -6.36002673e-02]\n",
      " [-1.42527692e-01 -4.41333161e-01  1.42548881e-01 -3.46291396e-03\n",
      "   1.39914696e-01]\n",
      " [ 7.60644765e-02 -1.05143553e-01  4.58594180e-02  6.57640324e-02\n",
      "  -2.60561353e-02]\n",
      " [-2.90266052e-01  1.64660368e-01 -4.67502681e-02 -4.87149893e-02\n",
      "  -9.59295922e-03]\n",
      " [ 1.61221068e-01 -5.71904595e-02  3.88215307e-02 -3.55270781e-02\n",
      "   9.78248105e-02]\n",
      " [ 2.90369129e-01  1.02114748e-01 -3.08007175e-03 -9.74106291e-02\n",
      "  -1.47251164e-02]\n",
      " [-7.48706686e-02 -4.19624871e-02  2.41239480e-02  5.16823174e-03\n",
      "  -5.24213504e-02]\n",
      " [-3.23601835e-02 -1.05724167e-02 -6.83698914e-02 -9.17002784e-02\n",
      "   1.40188174e-01]\n",
      " [-7.57981588e-02  2.79120063e-02  3.02179198e-02 -7.57488492e-02\n",
      "   1.84764121e-01]\n",
      " [ 7.73979574e-03 -2.55935941e-01  4.41967009e-02  1.60905839e-02\n",
      "  -1.93541348e-03]\n",
      " [-1.08835632e-02  1.28139875e-01  7.05678663e-01  2.72343024e-03\n",
      "   6.20942119e-02]\n",
      " [ 5.94243378e-03 -6.79029306e-02 -6.69064592e-01 -4.06717813e-02\n",
      "   2.38042835e-03]\n",
      " [ 2.79445747e-02 -1.00807885e-01 -1.54755104e-02 -2.36479024e-01\n",
      "   6.72147372e-01]\n",
      " [ 3.47389435e-03 -1.89673502e-01  5.40892366e-02  1.64487030e-01\n",
      "  -7.00059622e-02]\n",
      " [-3.25126610e-03  1.21558889e-02  4.25542867e-03 -3.35048236e-01\n",
      "  -1.26161799e-01]\n",
      " [ 7.65762160e-03 -7.54704876e-02  8.58289838e-03 -4.97482270e-01\n",
      "  -1.09388590e-01]\n",
      " [ 2.34916899e-02  9.47586719e-02 -5.20208864e-02  5.87010884e-01\n",
      "   2.59763934e-01]\n",
      " [-4.23038385e-02  2.78800941e-02  3.11846098e-03 -3.10805732e-01\n",
      "  -2.52449748e-01]\n",
      " [ 2.51860652e-01 -4.01065337e-02  2.45908662e-02  4.91513512e-02\n",
      "  -1.23494573e-01]\n",
      " [ 7.67829506e-02  5.01152711e-02 -2.07084460e-03 -1.25129934e-01\n",
      "   2.09039805e-01]\n",
      " [-5.22430310e-02  1.46479795e-01 -4.79867327e-02 -1.00925519e-01\n",
      "   2.11310580e-01]\n",
      " [-8.46411154e-02  4.87130268e-02  1.19664656e-02 -1.73078519e-01\n",
      "   1.08104037e-01]\n",
      " [ 4.29562695e-03 -1.65320413e-02  4.76444933e-02  2.93409509e-02\n",
      "  -6.36015503e-03]\n",
      " [-2.80652214e-02 -2.42601861e-01  8.18106208e-02  3.70666909e-02\n",
      "  -1.01212439e-01]\n",
      " [-1.08463906e-03 -4.29040480e-02  2.64223962e-02  1.68677200e-02\n",
      "  -9.78700930e-02]\n",
      " [ 2.14156758e-02 -4.24792219e-03 -3.15338564e-03 -7.60483485e-02\n",
      "  -9.70090641e-03]\n",
      " [ 7.85595056e-03 -9.34981013e-03 -1.38192437e-02 -5.70442532e-02\n",
      "   3.90563930e-01]\n",
      " [ 7.06648939e-01  2.50869010e-02  1.34693232e-16 -4.21105259e-16\n",
      "   1.67764694e-16]]\n",
      "\n",
      "Variance ratio:\n",
      "[0.06527521 0.12139835 0.15473168 0.18806501 0.22139835]\n",
      "\n",
      "Reconstructed data (first 5 rows):\n",
      "       Time        V1        V2        V3        V4        V5        V6  \\\n",
      "0 -1.801596 -0.401932 -0.044587  1.120557  0.351685 -0.580586  0.207549   \n",
      "1 -1.455898 -0.213662  0.255814  0.995967  0.235954 -0.257686  0.030524   \n",
      "2 -1.845229 -0.615778 -0.601587  1.009655  0.459210 -1.030926  0.516273   \n",
      "3 -1.269349 -0.330858  0.129591  0.871439  0.350278 -0.518793  0.163583   \n",
      "4 -1.051387 -0.166845  0.070873  0.558711  0.147127 -0.223756  0.039399   \n",
      "\n",
      "         V7        V8        V9  ...       V20       V21       V22       V23  \\\n",
      "0 -0.168139  0.100625 -0.082285  ...  0.258710 -0.172420 -0.491080 -0.225360   \n",
      "1 -0.332856  0.155771 -0.081367  ...  0.061030 -0.245040 -0.420721 -0.129751   \n",
      "2  0.144528 -0.089454  0.018253  ...  0.487574  0.106457 -0.344842 -0.371055   \n",
      "3 -0.363770  0.003171 -0.068100  ...  0.139630 -0.161535 -0.301876 -0.451292   \n",
      "4 -0.152423  0.067362  0.001641  ...  0.084657 -0.137639 -0.260689 -0.115087   \n",
      "\n",
      "        V24       V25       V26       V27       V28    Amount  \n",
      "0  0.083398  0.682347  0.146774 -0.004896 -0.067404  0.230875  \n",
      "1  0.068038  0.615238  0.152100 -0.005936 -0.176131 -0.330147  \n",
      "2  0.078191  0.487539  0.011786 -0.055861  0.428021  1.256834  \n",
      "3  0.095192  0.398171  0.007923 -0.196948  0.307070  0.178377  \n",
      "4  0.007663  0.356487  0.080577  0.006702 -0.090884 -0.040434  \n",
      "\n",
      "[5 rows x 30 columns]\n",
      "\n",
      "Reconstruction error: 0.7786640769195419\n"
     ]
    }
   ],
   "source": [
    "import numpy as np\n",
    "# Print the mean of the original data\n",
    "print(\"Mean of the original data:\")\n",
    "print(pca.mean_)\n",
    "\n",
    "# Print the covariance matrix\n",
    "print(\"\\nCovariance matrix:\")\n",
    "print(pca.cov_matx)\n",
    "\n",
    "# Print the eigenvalues\n",
    "print(\"\\nEigenvalues:\")\n",
    "print(pca.eigvals[:5])  # Printing only the first 5 eigenvalues\n",
    "\n",
    "# Print the eigenvectors (principal components)\n",
    "print(\"\\nEigenvectors (Principal Components):\")\n",
    "print(pca.components)\n",
    "\n",
    "# Print the variance ratio\n",
    "print(\"\\nVariance ratio:\")\n",
    "print(pca.information_percent())\n",
    "\n",
    "# Reconstruct the data using PCA\n",
    "X_reconstructed = pca.project_data(X_scaled)\n",
    "\n",
    "# Print the first few rows of the reconstructed data\n",
    "print(\"\\nReconstructed data (first 5 rows):\")\n",
    "print(pd.DataFrame(X_reconstructed[:5], columns=X.columns))\n",
    "\n",
    "# Calculate and print the reconstruction error\n",
    "reconstruction_error = np.mean((X_scaled - X_reconstructed) ** 2)\n",
    "print(f\"\\nReconstruction error: {reconstruction_error}\")\n"
   ]
  },
  {
   "cell_type": "code",
   "execution_count": 4,
   "metadata": {},
   "outputs": [
    {
     "name": "stdout",
     "output_type": "stream",
     "text": [
      "Cumulative variance explained by components: [0.06527521 0.12139835 0.15473168 0.18806501 0.22139835]\n"
     ]
    }
   ],
   "source": [
    "variance_explained = pca.information_percent()\n",
    "print(\"Cumulative variance explained by components:\", variance_explained)"
   ]
  },
  {
   "cell_type": "code",
   "execution_count": 5,
   "metadata": {},
   "outputs": [
    {
     "data": {
